chromosome,base_pair_location,variant,effect_allele,other_allele,effect_allele_frequency,beta_BFP,standard_error_BFP,p_value_BFP,sample_size_BFP,beta_BMI,standard_error_BMI,p_value_BMI,sample_size_BMI,beta_WHR,standard_error_WHR,p_value_WHR,sample_size_WHR,P.BFP_HDL,P.BFP_LDL,P.BFP_TG,P.BFP_FI,P.BFP_FG,P.BFP_SBP,P.BFP_CAD,P.BFP_T2D,P.BMI_HDL,P.BMI_LDL,P.BMI_TG,P.BMI_FI,P.BMI_FG,P.BMI_SBP,P.BMI_CAD,P.BMI_T2D,P.WHR_HDL,P.WHR_LDL,P.WHR_TG,P.WHR_FI,P.WHR_FG,P.WHR_SBP,P.WHR_CAD,P.WHR_T2D,multi_trait_p_value_BFP,multi_trait_trait_BFP,multi_trait_p_value_BMI,multi_trait_trait_BMI,multi_trait_p_value_WHR,multi_trait_trait_WHR,chr_pos
1,219748817,rs2820446,G,C,0.2863,0.0189,0.0051,0.00022,99362.9,0.0086,0.0033,0.00833,338293,-0.025,0.0036,1.3e-11,225785,NA,NA,NA,NA,NA,NA,NA,3.45E-12,NA,NA,NA,NA,NA,NA,NA,NA,NA,NA,NA,NA,NA,NA,NA,NA,3.45e-12,P.BFP_T2D,,,,,chr1:219748817
2,165528623,rs1128249,T,G,0.4344,0.0235,0.0047,7.44e-07,100629,0.0138,0.003,4.23e-06,338888,-0.02,0.0033,7.8e-10,226311,1.4000000000000001E-16,1.25E-14,3.8599999999999998E-21,8.2499999999999999E-11,NA,NA,NA,2.74E-11,2.41E-14,6.2000000000000006E-11,2.79E-16,1.51E-9,NA,NA,NA,3.73E-10,NA,NA,NA,NA,NA,NA,NA,NA,3.86e-21,P.BFP_TG,2.79e-16,P.BMI_TG,,,chr2:165528623
2,227108445,rs2943652,C,T,0.3748,0.0335,0.0047,1.53e-12,99322.8,0.0143,0.003,2.44e-06,335472,0.0068,0.0033,0.041,224453,6.7400000000000005E-32,NA,4.0399999999999998E-27,2.0599999999999998E-18,NA,2.2600000000000001E-12,1.9699999999999999E-12,4.2100000000000001E-20,6.5099999999999994E-20,NA,1.14E-16,9.7699999999999996E-11,NA,6.7299999999999995E-10,3.3799999999999999E-9,1.32E-12,NA,NA,NA,NA,NA,NA,NA,NA,6.74e-32,P.BFP_HDL,6.51e-20,P.BMI_HDL,,,chr2:227108445
3,64702274,rs4616635,G,C,0.2664,0.0139,0.0056,0.01284,79683.4,0.0167,0.0033,4.61e-07,333004,-0.021,0.0036,7.1e-09,224112,NA,NA,NA,NA,NA,NA,NA,NA,NA,NA,NA,NA,NA,NA,NA,1.85E-12,NA,NA,NA,NA,NA,NA,NA,NA,,,1.85e-12,P.BMI_T2D,,,chr3:64702274
3,185818881,rs4234589,A,G,0.8618,0.0184,0.0068,0.006695,100681,0.0446,0.0044,2.6e-24,337773,0.015,0.0049,0.0016,225154,NA,NA,NA,NA,NA,NA,NA,NA,3.7100000000000001E-33,NA,NA,NA,NA,NA,NA,NA,NA,NA,NA,NA,NA,NA,NA,NA,,,3.71e-33,P.BMI_HDL,,,chr3:185818881
4,103188708,rs13107325,T,C,0.0795,0.0282,0.0104,0.006911,86539.1,0.0472,0.0066,1.06e-12,335619,-6e-04,0.0073,0.94,223278,NA,NA,NA,NA,NA,NA,NA,NA,NA,NA,NA,NA,NA,1.52E-22,NA,NA,NA,NA,NA,NA,NA,NA,NA,NA,,,1.52e-22,P.BMI_SBP,,,chr4:103188708
5,55806750,rs459193,A,G,0.2913,0.0211,0.0051,3.56e-05,100658,0.0083,0.0033,0.01314,338927,0.027,0.0037,3.4e-13,226498,3.7299999999999998E-13,NA,5.9600000000000001E-10,1.22E-8,NA,NA,NA,NA,NA,NA,NA,NA,NA,NA,NA,NA,4.07E-25,NA,1.7800000000000002E-21,4.09E-19,1.64E-16,NA,NA,1.0399999999999999E-15,3.73e-13,P.BFP_HDL,,,4.07e-25,P.WHR_HDL,chr5:55806750
6,43757895,rs998584,C,A,0.496,0.016,0.005,0.001396,96007.9,0.0157,0.0034,2.89e-06,305510,-0.029,0.0036,4.8e-15,204068,2.5900000000000001E-13,NA,2.55E-16,NA,NA,NA,NA,NA,6.0699999999999996E-15,NA,2.64E-16,NA,NA,NA,4.7500000000000001E-10,NA,NA,NA,NA,NA,NA,NA,NA,NA,2.55e-16,P.BFP_TG,2.64e-16,P.BMI_TG,,,chr6:43757895
10,104871278,rs10883832,G,T,0.0875,0.0134,0.0076,0.07973,99658.5,0.0309,0.0052,2.66e-09,337237,0.0056,0.0057,0.33,224688,NA,NA,NA,NA,NA,NA,NA,NA,NA,NA,NA,NA,NA,3.4799999999999997E-24,8.8900000000000005E-16,NA,NA,NA,NA,NA,NA,NA,NA,NA,,,3.48e-24,P.BMI_SBP,,,chr10:104871278
10,114758348,rs7903146,C,T,0.6829,0.0165,0.0051,0.001277,100633,0.0235,0.0033,1.1e-12,339198,0.0036,0.0036,0.32,226581,NA,NA,NA,NA,6.6499999999999998E-10,NA,NA,7.2000000000000001E-77,NA,NA,NA,NA,4.4200000000000004E-19,1.65E-15,NA,1.7900000000000002E-77,NA,NA,NA,NA,NA,NA,NA,NA,7.2e-77,P.BFP_T2D,1.79e-77,P.BMI_T2D,,,chr10:114758348
12,26453282,rs718314,A,G,0.7565,0.0174,0.0052,0.0007857,100345,0.0093,0.0034,0.005737,339041,-0.024,0.0037,1.2e-10,226514,3.4299999999999999E-9,NA,NA,NA,NA,NA,NA,NA,NA,NA,NA,NA,NA,NA,NA,NA,NA,NA,NA,NA,NA,NA,NA,NA,3.43e-09,P.BFP_HDL,,,,,chr12:26453282
12,54418919,rs754133,A,G,0.3588,0.0034,0.0048,0.4832,100642,-0.0026,0.0031,0.4064,339112,0.022,0.0034,7.7e-11,226527,NA,NA,NA,NA,NA,NA,NA,NA,NA,NA,NA,NA,NA,NA,NA,NA,NA,NA,NA,NA,NA,1.2200000000000001E-16,NA,NA,,,,,1.22e-16,P.WHR_SBP,chr12:54418919
12,122781896,rs11057405,G,A,0.9105,0.03,0.009,0.000872,79881.2,0.0304,0.0053,1.22e-08,328905,-0.0077,0.0059,0.19,215943,4.4600000000000002E-13,NA,NA,NA,NA,NA,NA,NA,1.24E-18,NA,NA,NA,NA,NA,NA,NA,NA,NA,NA,NA,NA,NA,NA,NA,4.46e-13,P.BFP_HDL,1.24e-18,P.BMI_HDL,,,chr12:122781896
12,124409501,rs7133378,A,G,0.3499,0.0262,0.0051,2.31e-07,96023,0.0133,0.0032,3.91e-05,330823,-0.02,0.0035,2.2e-08,219850,1.06E-20,4.2999999999999996E-9,9.3099999999999999E-17,NA,NA,NA,NA,NA,5.6199999999999998E-15,NA,2.9000000000000002E-12,NA,NA,NA,NA,NA,NA,NA,NA,NA,NA,NA,NA,NA,1.06e-20,P.BFP_HDL,5.62e-15,P.BMI_HDL,,,chr12:124409501
16,4015728,rs879620,T,C,0.6113,0.0153,0.0059,0.009508,73748.1,0.0244,0.0039,3.94e-10,235997,0.0098,0.0044,0.027,144544,NA,NA,NA,NA,NA,NA,NA,NA,NA,NA,NA,NA,5.6700000000000001E-13,NA,NA,NA,NA,NA,NA,NA,NA,NA,NA,NA,,,5.67e-13,P.BMI_FG,,,chr16:4015728
19,45395618,rs2075650,A,G,0.8688,0.037,0.007,1.44e-07,88214.5,0.0256,0.0043,3.21e-09,323315,0.026,0.0048,5.1e-08,221010,3.9700000000000003E-33,1.17E-234,2.3199999999999999E-25,NA,NA,NA,1.7800000000000001E-10,NA,2.3999999999999999E-29,1.78E-237,1.3900000000000001E-23,NA,NA,NA,1.2199999999999999E-14,NA,1.0700000000000001E-32,1.9000000000000001E-235,2.3699999999999999E-26,NA,NA,NA,7.0600000000000002E-13,NA,1.17e-234,P.BFP_LDL,1.78e-237,P.BMI_LDL,1.9e-235,P.WHR_LDL,chr19:45395618
